12

9 10
1 2 1
3 2 2
2 3 3
3 2 4
7 3 3
7 5 2
5 7 2
5 6 2
6 5 -3
8 6 2

4 6
3 1 -16
0 2 32
2 3 55
1 3 -22
2 0 -80
2 1 15

6 8
3 4 -99
1 3 95
3 0 -97
5 2 -27
4 1 -71
2 5 -36
1 5 -26
0 3 -96

4 4
2 3 -30
0 2 5
0 1 -10
1 0 -20

6 8
3 1 -18
3 5 -29
1 2 -47
5 1 -8
0 4 -85
0 1 99
3 4 -89
4 3 -57

2 2
1 0 -7
0 1 48

6 8
4 3 -96
5 0 -28
2 1 -33
5 1 -86
3 1 -40
2 0 -2
1 2 36
5 4 -43

1000 9
10 11 -10
11 12 -10
12 10 10
998 999 -10
999 998 9
800 12 1000
750 999 1000
750 111 -1000
111 750 1000

8 14
5 2 -318
0 1 -421
1 2 -725
4 5 428
4 0 277
3 2 454
3 5 773
6 7 110
4 5 -896
2 5 -905
1 7 577
3 7 -751
6 4 -628
3 0 565

7 6
0 4 601
1 2 -642
1 0 370
4 2 -233
4 6 -403
6 1 -703

5 6
0 2 -427
0 3 559
1 4 601
2 3 422
3 0 -597
3 4 93

4 6
1 3 -735
2 0 -656
2 3 418
3 0 218
3 2 904
3 1 -21
